704 12
75 52
331 20
278 13
804 11
742 52
963 39
139 42
482 7
80 10
273 19
567 43
77 40
253 50
715 49
608 31
275 33
653 22
878 60
56 53
875 15
764 32
398 22
209 18
831 26
154 10
439 11
417 59
402 43
320 56
94 51
520 39
177 29
130 40
350 58
693 44
956 60
420 41
246 50
121 7
727 19
841 23
131 59
288 60
153 29
334 34
700 58
423 15
429 27
264 47
323 49
749 46
123 43
700 15
596 51
300 15
523 29
326 45
754 40
274 48
382 58
836 54
107 19
891 7
874 25
460 22
117 18
985 41
947 50
372 18
721 36
455 46
519 14
321 13
302 52
624 39
319 52
648 32
969 42
458 28
274 13
571 36
143 53
98 60
162 14
692 15
861 48
482 43
115 29
440 43
529 38
307 40
931 5
746 51
167 48
956 39
818 22
837 46
398 12
350 32
211 34
53 51
946 51
319 37
830 16
569 11
941 45
355 58
704 37
673 17
206 28
830 15
602 54
994 38
990 5
663 25
550 6
164 28
949 58
876 24
295 8
296 41
130 10
799 36
885 9
828 39
834 13
181 47
536 40
219 21
590 60
671 32
266 39
823 51
756 17
780 24
458 47
715 28
498 38
512 12
303 19
115 26
71 42
617 19
652 19
57 9
774 45
110 19
119 7
930 26
122 37
293 22
735 36
269 39
185 51
953 41
640 35
298 55
534 56
466 17
146 11
724 32
412 32
470 34
934 51
105 48
719 46
150 8
462 51
397 56
932 11
304 17
244 39
509 13
482 16
335 34
305 60
995 9
503 56
932 59
613 11
101 46
603 58
65 10
998 53
919 20
220 31
547 35
268 60
460 8
218 29
52 29
321 55
853 34
342 32
763 51
852 40
727 50
548 14
244 23
272 8
643 52
605 8
815 25
108 8
648 35
564 59
593 15
108 37
132 59
240 9
659 9
741 60
290 30
172 41
302 42
658 7
684 10
479 47
647 41
585 25
317 18
735 50
371 20
321 30
184 47
710 24
518 25
819 9
59 34
686 41
152 9
600 18
568 21
185 27
952 9
950 20
428 23
211 33
903 39
770 24
676 56
719 38
58 47
886 40
356 47
156 13
320 12
961 11
810 40
209 22
338 43
265 50
401 18
753 45
923 21
567 36
307 59
102 10
699 32
899 22
95 5
391 54
183 45
318 15
809 33
614 50
487 40
59 12
127 49
975 14
608 7
904 28
646 40
201 32
180 7
365 28
970 55
931 7
970 27
265 48
305 47
155 27
848 40
955 60
466 44
817 14
997 20
935 15
869 56
231 31
75 16
804 26
851 31
871 47
934 52
880 20
323 15
856 49
160 29
943 7
929 35
277 17
886 34
408 24
890 55
942 19
278 6
725 17
458 26
335 60
121 54
335 27
706 37
459 48
913 39
389 6
168 21
232 42
321 7
161 43
494 27
796 55
371 32
670 37
168 29
971 41
244 21
95 50
496 5
582 56
601 48
786 52
804 47
251 28
491 9
730 26
688 25
729 59
177 51
971 24
569 24
732 31
384 30
763 23
617 13
246 31
730 29
743 52
974 16
680 41
358 30
611 58
50 24
343 18
490 55
643 43
720 25
526 33
502 48
268 37
534 55
972 55
803 15
724 10
340 37
729 45
684 26
145 57
819 20
738 24
280 56
253 14
75 7
300 35
675 59
836 9
516 31
957 45
639 17
785 49
443 36
459 20
201 46
754 5
964 53
931 54
956 11
847 32
274 16
873 49
580 34
101 40
305 59
174 34
186 56
525 47
593 40
659 25
823 33
677 57
786 37
486 58
978 40
506 15
811 60
536 33
315 53
303 58
702 22
834 54
583 36
691 20
331 33
129 50
342 20
328 26
377 39
132 13
204 19
442 49
206 50
269 9
474 31
388 39
527 31
113 18
902 31
448 54
648 49
70 59
951 53
639 29
538 5
410 24
821 29
923 58
479 39
815 52
609 56
667 19
549 19
329 32
547 6
448 26
734 48
867 30
791 15
910 34
991 13
687 39
77 30
656 41
728 6
135 46
488 13
937 34
236 8
316 29
385 18
515 25
395 53
950 29
334 53
901 31
308 58
133 35
69 52
602 8
408 19
715 9
849 46
91 53
81 20
254 58
70 44
206 20
179 35
735 12
627 18
526 49
312 54
427 15
670 43
815 50
167 54
888 15
368 11
642 6
369 41
743 29
456 50
253 9
656 49
900 45
298 11
763 54
358 59
750 43
874 12
865 41
851 7
405 39
488 47
429 9
568 46
399 5
919 31
892 36
158 32
420 45
962 58
520 50
206 32
230 51
584 46
326 44
877 39
843 35
526 32
895 51
656 22
380 59
301 58
138 22
952 33
299 53
525 41
674 47
438 26
79 36
921 25
236 36
267 27
866 21
398 22
951 43
768 22
619 5
579 17
137 20
787 31
550 40
826 20
757 35
711 50
552 33
861 6
145 23
276 30
758 20
363 47
645 28
534 40
593 27
485 52
613 26
410 49
514 22
363 21
286 12
788 17
373 12
810 39
830 49
239 17
271 52
545 22
791 42
828 38
661 23
152 58
248 23
282 28
233 24
64 50
596 13
330 7
105 40
349 49
179 45
939 53
552 11
943 5
637 23
530 35
501 26
238 8
308 60
539 12
891 9
460 36
125 41
694 48
104 14
202 56
626 24
137 20
171 40
832 31
670 43
859 44
281 54
585 29
511 33
354 60
652 32
362 41
685 8
674 52
151 53
262 45
266 21
726 10
210 20
227 40
126 15
52 31
511 49
658 35
348 7
287 23
773 23
769 60
514 9
753 19
996 21
856 55
690 42
727 56
252 32
167 39
280 46
202 22
896 14
123 8
219 55
364 43
816 57
632 23
499 12
529 49
361 49
462 22
562 39
555 33
132 43
90 32
802 25
668 21
76 10
284 48
906 60
639 42
71 53
738 57
325 41
91 53
824 16
531 38
717 33
988 22
235 42
496 45
883 36
143 35
406 31
391 25
736 11
928 15
387 31
760 36
345 47
460 57
828 40
87 34
140 25
308 25
168 54
463 60
576 57
51 47
940 39
523 31
105 17
580 28
687 53
560 45
502 53
102 18
323 40
184 23
498 49
546 12
79 45
673 56
295 50
212 24
614 5
615 31
145 19
911 12
522 12
713 58
207 36
783 23
571 50
329 31
904 35
533 20
517 40
198 29
245 43
570 52
950 13
934 9
332 54
858 59
474 26
856 37
323 57
52 23
793 24
907 42
643 47
551 60
202 33
601 35
403 26
615 53
606 29
516 25
940 17
764 20
635 29
289 59
844 31
94 25
812 35
772 56
440 29
729 55
890 46
205 36
87 13
564 42
389 60
152 60
915 33
152 38
982 34
65 51
197 31
941 46
208 9
530 55
321 26
688 49
457 46
132 59
386 59
740 59
596 29
374 45
785 53
549 60
604 7
682 9
290 45
750 23
282 52
142 32
150 53
698 50
943 11
504 15
760 24
975 6
97 25
865 8
350 27
433 32
199 20
593 31
629 48
861 16
224 16
130 44
941 29
684 48
296 36
984 42
196 19
522 45
310 34
311 47
59 56
526 23
743 39
211 9
502 27
651 24
704 32
756 21
517 59
359 17
443 59
544 11
292 29
635 27
638 23
766 23
72 58
724 30
331 5
629 60
752 54
812 8
982 43
813 36
902 23
844 56
285 43
871 27
274 45
244 44
306 48
823 51
835 47
747 58
190 45
149 45
711 7
366 55
501 7
643 28
799 13
142 23
384 52
475 16
255 13
855 39
947 28
593 37
985 22
900 15
313 57
543 56
352 52
941 26
873 12
529 9
194 53
281 60
742 51
740 30
916 56
620 28
142 55
454 5
320 39
176 34
427 48
816 48
318 42
440 57
703 28
160 48
289 35
75 44
955 40
385 44
276 46
114 45
893 34
981 49
359 46
468 12
193 7
88 24
554 12
149 20
958 39
188 29
514 28
736 52
763 39
479 42
810 51
208 31
720 11
903 36
680 31
336 7
756 28
272 33
505 20
925 28
151 48
426 39
973 46
417 8
457 22
244 12
918 57
515 10
728 18
707 45
661 6
101 55
391 20
178 55
628 18
120 58
833 40
262 42
271 57
940 19
386 54
201 55
972 43
52 22
929 14
183 39
306 56
228 12
726 60
76 13
65 27
858 55
293 42
381 6
228 21
103 13
809 31
588 12
813 9
537 33
846 28
575 42
161 33
565 19
679 7
794 55
980 60
724 38
358 34
708 6
112 35
917 30
486 48
160 36
779 33
125 10
379 43
201 9
179 22
689 45
649 40
779 25
440 43
593 23
514 37
669 32
151 55
768 12
923 46
716 54
614 51
936 18
490 33
959 19
473 26
897 34
458 31
797 11
370 32
370 47
311 28
206 48
995 35
118 10
901 10
145 32
148 52
806 28
881 13
619 8
650 40
625 26
736 12
470 27
944 47
818 32
938 51
102 23
664 24
410 11
641 37
267 14