-89.53 -82.56
-18.55 -78.46
80.24 -92.37
7.24 -33.56
70.42 -68.07
-32.56 -33.24
-50.97 -99.67
-12.74 -82.48
19.52 -86.02
-36.91 -10.34
81.08 -81.45
-71.56 58.01
-95.75 82.23
14.68 -46.94
67.57 53.76
-31.31 60.3
-58.63 21.78
5.41 61.87
-36.95 -20.35
53.86 2.55
36.97 27.67
33.33 78.02
-2.77 33.69
-25.1 -93.63
50.83 -63.71
64.04 82.73
31.61 -65.97
-32.62 -21.76
-85.34 -8.65
14.63 -32.78
-62.19 -82.37
25.66 -97.43
-29.62 -54.17
6.4 44.73
81.83 27.76
98.36 92.81
26.0 -53.33
-3.24 -64.48
98.39 -11.1
50.33 -91.17
-73.05 -61.36
-48.73 -29.59
-45.61 -13.15
-15.93 -78.28
-87.48 -28.99
-82.24 -13.36
-98.29 7.16
-85.3 38.84
-19.16 97.07
-47.49 -5.5
50.16 -33.03
-30.33 27.83
93.94 76.78
-16.19 43.54
35.81 -25.58
-53.01 -84.32
75.78 -88.57
3.74 7.51
-70.77 31.19
83.16 55.23
-22.15 -74.71
94.99 3.42
25.92 60.46
-22.75 -87.59
-72.8 33.69
-30.09 74.22
48.03 96.09
33.77 -39.24
58.22 -94.35
4.32 74.28
2.94 -72.53
0.02 9.09
-26.2 78.69
-31.98 -45.65
1.26 -59.35
-35.59 -20.37
87.65 -83.93
-60.58 -60.1
99.05 78.16
-61.17 12.92
-82.98 -36.59
-31.77 7.54
85.87 61.8
6.84 57.22
-3.21 46.11
55.39 -48.63
66.56 15.59
-2.78 -20.84
-55.17 0.25
-74.78 26.96
79.65 58.11
21.83 -1.11
39.16 -75.54
-89.51 72.33
-27.63 33.79
-15.85 -28.27
54.06 -31.39
50.74 64.1
-63.86 95.45
-87.51 -17.05
0.09 65.87
-65.02 11.81
-26.3 84.34
-75.53 -46.92
63.96 -35.55
88.84 -89.68
-22.32 -78.51
14.71 92.62
-35.06 29.37
-46.82 -12.16
14.3 -50.32
38.09 0.2
81.09 -45.0
90.97 -63.56
-96.02 32.04
46.75 -4.54
-91.45 99.63
-71.69 74.09
78.31 -55.83
72.79 -7.32
79.92 77.5
54.86 -42.26
16.02 96.26
-35.88 -22.7
37.6 -87.47
-49.33 -66.4
-16.79 -15.0
21.41 -0.64
-67.05 -90.68
4.95 52.77
85.38 67.93
-39.45 73.13
-6.52 -43.51
-81.57 -11.46
8.99 -44.14
-60.94 88.18
-86.45 87.88
-18.72 58.3
-77.81 14.0
52.34 -12.8
-28.71 -1.36
-61.11 -57.67
-51.74 -92.49
82.0 -85.31
85.43 -97.81
31.24 9.39
-91.63 88.29
46.15 75.83
-12.87 -41.72
-62.81 -77.46
34.19 64.36
-57.6 -94.81
-27.69 -69.43
-55.01 -55.59
32.48 -13.08
12.1 -21.98
96.73 -0.61
-91.48 -72.16
46.24 82.53
-74.8 -7.98
72.43 10.36
-96.52 4.17
-42.25 -57.33
87.32 -78.85
65.94 50.6
18.56 -35.03
-83.45 33.75
91.85 -64.04
-74.77 -4.97
70.27 -98.94
57.77 -82.74
-93.54 -70.72
-8.48 87.39
32.26 -88.07
-69.66 -7.73
-81.94 33.67
-28.21 91.22
63.94 63.38
-52.97 -13.74
34.32 -82.12
-98.09 -34.52
-19.86 57.38
62.93 -88.41
-87.08 84.96
-42.39 -74.98
58.52 57.0
20.94 53.48
71.92 70.63
-47.35 -15.83
96.89 -26.45
25.22 69.3
75.36 20.53
-30.03 38.05
-99.34 -29.89
51.77 29.32
-84.02 43.92
22.0 -11.06
-79.08 19.27
49.12 -60.25
26.98 -85.88
-58.93 -28.35
55.6 -43.34
78.06 96.62
-67.33 -94.66
45.74 52.87
80.18 34.49
56.02 -26.9
-79.84 99.98
20.94 -45.91
78.55 -85.28
-88.64 -49.03
-73.98 -17.85
24.22 3.88
10.74 -76.12
6.99 95.03
-34.04 59.85
27.6 52.41
31.59 -12.1
-53.0 -81.29
-77.35 -79.81
53.47 67.46
63.52 76.96
-28.25 34.82
64.06 -73.54
-99.93 -58.07
83.15 61.53
-74.07 69.43
-65.07 -46.66
-66.37 76.79
65.61 -87.02
-95.23 58.25
-21.26 13.68
27.62 8.72
-62.4 -37.93
19.49 56.86
-32.36 -95.47
-70.95 -43.02
92.23 -14.6
-0.5 -15.46
73.22 60.13
-69.21 33.21
9.98 79.5
-87.45 15.66
-62.04 13.87
63.43 -13.19
6.96 -26.97
88.97 72.48
-82.06 -91.45
6.99 -37.71
-93.75 35.04
-68.76 28.76
-80.28 42.79
67.49 59.43
76.59 23.05
-33.25 -63.51
31.57 94.85
31.62 -79.21
-91.3 -69.55
60.58 -72.81
41.19 16.75
-27.04 -15.84
-47.36 -17.81
-63.19 5.83
32.16 9.95
98.27 85.01
78.06 20.78
-71.19 51.78
88.71 20.12
-9.19 31.05
25.38 65.54
-4.12 -25.67
61.6 -6.92
29.58 -43.16
7.7 12.53
17.3 57.22
-32.28 -66.16
-25.02 17.19
-1.83 -25.51
-15.73 -64.56
-79.06 31.46
-85.43 14.76
95.06 1.3
42.56 52.71
-2.38 5.14
-53.65 25.43
5.04 -32.95
87.56 26.33
-16.75 80.53
52.69 94.02
-32.43 -3.82
-52.94 45.76
68.13 38.17
42.24 -71.26
86.66 -71.94
61.45 -66.55
37.18 48.87
-64.23 11.63
-50.2 90.56
-63.47 96.59
0.03 -98.95
-68.85 -29.96
35.34 27.69
-55.04 -14.62
69.73 -5.52
-36.28 27.57
72.96 39.44
96.06 -11.32
-97.11 -92.4
94.36 -26.97
55.66 94.13
9.65 34.67
12.42 45.9
64.44 39.04
33.11 -93.47
-74.67 -10.24
63.14 67.29
-14.29 67.59
-30.36 29.81
-74.99 90.9
-28.71 -37.85
-85.7 -58.83
-90.62 11.68
95.35 -97.99
-2.79 -15.91
40.85 -87.18
-62.31 -30.18
-34.18 -17.06
-2.34 -20.82
-28.19 87.65
-79.5 -48.57
38.48 -26.36
-62.0 73.11
-15.55 29.06
84.29 85.82
-12.65 -10.52
-91.92 -89.69
87.24 89.34
-21.48 66.64
46.32 -26.44
-87.38 21.14
-75.78 -11.12
0.02 -93.41
-59.08 -42.6
40.59 -69.66
20.99 -27.86
6.88 73.13
23.13 67.68
-58.4 -51.86
-4.83 -55.67
-37.57 55.31
-60.62 -3.54
-33.84 25.29
-7.35 82.0
-12.73 82.7
-84.14 -21.27
-6.8 -80.29
74.31 68.86
-23.45 12.76
6.08 -53.37
-88.53 39.23
57.99 -11.17
21.9 21.48
55.42 -65.01
4.05 81.61
-16.55 47.3
-83.42 -22.88
-87.36 -6.84
26.53 -73.03
-66.35 39.92
-74.33 92.93
59.68 -16.81
-67.94 -46.35
-53.6 63.3
-40.66 17.62
-90.16 73.46
85.89 53.58
22.22 -94.85
-68.31 -33.39
33.16 -67.75
-92.1 -51.32
-30.51 -83.29
82.56 -12.97
-81.1 11.25
-89.86 31.41
30.89 -17.11
-68.85 34.38
-65.83 52.97
16.38 47.58
91.42 23.1
-37.82 -13.63
20.2 82.89
-71.26 -54.23
48.8 58.12
1.15 97.87
17.51 88.74
-60.53 5.89
-53.52 79.23
-76.26 -39.47
-64.56 -96.74
43.8 25.41
33.69 -53.74
27.54 -53.65
24.08 83.92
99.03 -84.4
-46.35 12.33
-46.8 93.07
23.47 96.37
-98.23 42.35
-81.89 2.59
95.42 -85.8
-7.02 0.95
-12.79 -37.97
52.13 27.42
-71.72 -33.17
-11.79 49.69
-6.45 -39.52
39.31 -4.03
-29.84 70.23
-53.84 -28.32
85.14 -49.1
14.83 -81.55
-98.16 42.74
-25.16 -9.96
-22.52 -64.32
-64.11 35.04
-58.6 -9.38
-71.27 55.61
9.68 47.36
-14.34 -24.48
-48.33 14.61
67.18 94.45
-20.9 40.49
37.46 -98.87
84.22 96.75
-54.91 19.56
-69.05 19.81
-11.04 42.65
-35.94 42.25
30.52 -32.65
96.49 -89.17
-95.43 -73.34
-45.83 -1.69
33.94 30.67
-68.16 6.14
-65.38 -44.7
-19.74 -5.12
-23.66 -16.12
94.73 38.8
-34.99 -72.98
-53.56 53.8
99.93 -39.56
-81.54 -26.71
92.89 -44.45
53.13 8.69
-3.73 -91.94
-52.17 -7.14
-14.4 -79.41
-1.14 81.9
24.23 24.37
57.05 95.36
-73.75 -61.4
-96.03 91.89
-85.52 7.57
-3.94 25.32
-41.79 86.5
-35.14 -21.54
25.56 -60.24
24.44 65.31
-93.02 35.53
76.34 25.26
-40.14 72.16
-42.61 7.77
-21.78 -74.72
-69.47 89.96
26.77 91.41
-78.73 -12.4
-88.77 50.27
-26.01 51.57
12.92 29.63
-21.85 45.14
49.87 31.15
-65.74 -60.82
53.67 71.88
-39.37 -17.61
-11.44 25.14
-59.46 -33.89
84.51 16.7
53.18 -49.11
25.22 -26.18
16.88 -68.36
-0.59 -87.01
-73.43 27.95
48.08 33.32
-21.32 -1.4
-57.81 -34.29
-58.1 -54.34
74.51 -74.61
-50.5 -72.64
16.45 -23.5
49.73 84.25